[app/ui]
version = 6.2.1
modtime = 1427175273.455673900

[app/launcher]
version = 6.2.1
modtime = 1427175273.458674000
